%YAML:1.0
---
K: !!opencv-matrix
   rows: 3
   cols: 3
   dt: d
   data: [ 645.33341468594222, 0., 326.95410894953852, 0.,
       643.37719123777651, 238.2885564462093, 0., 0., 1. ]
D: !!opencv-matrix
   rows: 1
   cols: 5
   dt: d
   data: [ -0.029541570840415445, 0.62053983501378218,
       0.00021774138233881192, 0.0054312818298690958,
       -2.6887887684096414 ]
