4
1 -0 0 0 
0 1 0 0 
-0 0 1 518 
0 0 0 1 
-0.998972 -0.0363837 -0.0270335 34.9652 
0.0247432 -0.937423 0.347313 -2.51685 
-0.0379783 0.346288 0.937359 250.348 
0 0 0 1 
---
1 -0 0 0 
0 1 0 0 
-0 0 1 518 
0 0 0 1 
-0.998964 -0.0364737 -0.0272117 34.9605 
0.024741 -0.937195 0.347927 -2.53637 
-0.0381928 0.346893 0.937127 250.33 
0 0 0 1 
---
1 -0 0 0 
0 1 0 0 
-0 0 1 518 
0 0 0 1 
-0.981821 -0.18323 -0.0495465 51.7903 
0.155025 -0.924706 0.347688 -20.911 
-0.109523 0.333686 0.9363 261.199 
0 0 0 1 
---
1 -0 0 0 
0 1 0 0 
-0 0 1 518 
0 0 0 1 
-0.981773 -0.183399 -0.0498659 51.7877 
0.155123 -0.924837 0.347294 -20.9198 
-0.109811 0.333229 0.936429 261.218 
0 0 0 1 
---
