%YAML:1.0
---
RT: !!opencv-matrix
   rows: 4
   cols: 4
   dt: d
   data: [ 0.99956715570440924, -0.013794283390830199,
       -0.025984976096406574, -45.21925679941409, 0.025829333949819629,
       0.83431882733531137, 0.55067680163734856, -26.536858160077937,
       0.01408356292654846, -0.55110961895031785, 0.83431399434249542,
       274.85249967953428, 0., 0., 0., 1. ]
